4144576362850855
4144025948851436
4144503226581092
4144572215080143
4144564753664875
4144546701239044
4144567030470887
4144356288115942
4144349841259060
4144545124301605
4144377092268160
4144432309158947
4144250063142707
4144436541524626
4142533657713371
4144302941112242
4144409378855008
4144583136932214
4144231193415793
4041365077178942
4141827865204885
4144226260654876
4144260100410229
4144515347992150
4144575016660537
4144287585752744
4143942067494261
4144046437562058
4130132031238686
4144586723374768
4144232824956883
4144588349933828
4144303012223316
4143889281197984
4144234119835083
4143937964860179
4144588564238466
4144576598239417
4144221629359116
4144439947361069
4144270627578245
4144435703293336
4144408418747185
4143856456851158
4141029722106877
4144553646894909
4144373731937040
4144554695035204
4144268278851232
4143468479657935
4144596462203198
4143230285726646
4144308271243412
4144597313380568
4143858931460921
4144577335842822
4143973280704387
4144600693979678
4143939071846752
4144546087978514
4141518082614899
4143601896866149
4144011893780815
4144388257225094
4144256841235395
4144538589228104
4144410822136943
4143995880266397
4142852051113896
4143512544509185
4144544603570033
4144612531219267
4144212242727274
4143843526355664
4144616968423584
4144616364816324
4144581945901037
4144617995430514
4143336435137927
4142418632857002
4144617328292215
4144036039723166
4144414445961587
4144298452584882
4144620361474767
4144047629092590
4139622386782150
4144623443529726
4144623393578254
4143972274661673
4144624563629035
4144628187610511
4144627664143142
4144628401985632
4144629194889930
4141685905193588
4143977903078060
4144242639711056
4140976119463804
4144632705204488
4143982566583844
4144535812196465
4144636556073277
4144021981180133
4144396007837526
4144254542349315
4144656142880720
4144654415481468
4143354994587922
4144652544013947
4144642470016147
4144657862188903
4143635500757414
4144646210908090
4054350717971390
4094244778629043
4144015680844049
4144666994208549
4144668259975533
4144667795027364
4144668428094717
4144948435923743
4144769812476588
4144949747807368
4144358905113155
4144901912104811
4144903078863691
4144727949189847
4144736182746397
4143557008868348
4144946225288041
4144947920001621
4144677587975414
4144791225358783
4144775902629865
4144892093653521
4144932614547480
4144934157803271
4134401409891049
4136001976785456
4144821034208125
4144334855575471
4144419948650200
4142514149479678
4144765542993621
4140407140675927
4136260743777384
4144756274047510
4144927657504874
4144913329881886
4144954017811133
4144955792272363
4144954823309494
4144672504636231
4144958032198927
4144957805161613
4144761668082777
4144893326627174
4144960197087326
4144961119190881
4144789883154021
4144762443630485
4144762552542732
4144762602737195
4144762635760947
4141706892745271
4144681535592543
4144346322400942
4142584500067759
4144764586371712
4144965921167125
4144966722625365
4144911924772843
4144306010489663
4144972095574293
4144923291218753
4144974599481714
4144975086803745
4144976961530787
4144732030353445
4144978651831034
4144982237165296
4144984267798646
4144983155461764
4140715145320014
4144989288004171
4144989639888629
4144390069506704
4144991116950589
4144991113041695
4144992756274133
4144992526535186
4144996187552140
4144699482414341
4144996506815795
4144997617911792
4144998901543716
4144999391839507
4143322451373896
4140936303181165
4145004865379127
4143658569614508
4144762854669439
4145009487910270
